[170, 37, 155, 104, 85],[3, 2, 2, 1, 1],5
[128, 54, 172, 71, 178],[2, 3, 1, 2, 2],5
[66, 64, 183, 88, 26],[3, 1, 2, 2, 1],5
[131, 48, 4, 130, 44, 28],[2, 3, 3, 3, 3, 3],6
[3, 124, 188, 96, 40, 77, 47, 144, 173, 149, 85],[3, 2, 3, 1, 1, 2, 2, 2, 3, 3, 1],11
[181, 166, 110, 20, 35],[1, 2, 1, 3, 2],5
[76, 39, 98, 144, 88, 48, 163, 130, 164, 193, 38],[1, 1, 1, 2, 1, 2, 3, 3, 1, 3, 1],11
[104, 40],[2, 3],2
[12, 199, 144, 51, 82],[2, 2, 1, 3, 2],5
[84, 19],[3, 1],2
[12, 90, 24, 88, 34],[1, 3, 2, 3, 3],5
[62, 60, 87, 129, 162],[1, 2, 3, 2, 2],5
[8, 10, 90, 28, 143],[2, 1, 3, 2, 3],5
[189, 20],[2, 3],2
[114, 143, 66, 21, 86],[1, 1, 2, 1, 2],5
[21, 104],[3, 2],2
[94, 34],[1, 3],2
[139, 25],[2, 3],2
[168, 91, 55, 179, 81],[2, 3, 1, 3, 2],5
[9, 164, 85, 147, 39],[1, 2, 1, 1, 1],5
[5, 13, 138, 53, 24],[3, 3, 1, 1, 3],5
[14, 15],[1, 3],2
[51, 128],[2, 2],2
[26, 131, 46, 80, 70],[1, 1, 3, 2, 3],5
[10, 20, 168, 120, 184],[2, 3, 1, 1, 3],5
[17, 142, 92, 141, 186, 78],[3, 1, 3, 2, 3, 2],6
[2, 23, 77, 84, 135, 129],[1, 1, 2, 2, 1, 3],6
[140, 67, 41, 68, 36, 93, 109, 180, 40, 70, 175, 162, 126],[1, 3, 2, 2, 2, 3, 2, 1, 1, 2, 2, 3, 2],13
[3, 12, 162, 63, 52],[3, 2, 2, 1, 2],5
[187, 170],[1, 3],2
[176, 98, 142, 56, 94],[3, 2, 2, 1, 1],5
[148, 53, 63, 70, 135, 161, 199, 118, 101, 64, 94, 179, 187],[3, 2, 2, 3, 3, 3, 3, 3, 3, 3, 3, 3, 1],13
[158, 177, 130, 127, 82],[2, 2, 2, 2, 1],5
[47, 147, 85, 39, 40],[3, 2, 2, 2, 2],5
[10, 16],[3, 3],2
[5, 168, 99, 146, 163],[2, 2, 2, 2, 2],5
[27, 148],[2, 1],2
[0, 149, 115, 159, 133, 114, 109, 69, 86, 113, 80],[2, 2, 2, 1, 2, 3, 2, 3, 1, 3, 3],11
[6, 143],[1, 3],2
[6, 19, 33, 172, 118],[1, 1, 2, 1, 1],5
[4, 7, 27, 33],[1, 3, 1, 2],2
[27, 153, 168, 122, 182],[2, 2, 2, 3, 1],5
[107, 111, 53, 124, 72],[2, 1, 3, 1, 3],5
[73, 93],[3, 1],2
[3, 115, 162, 119, 140],[3, 3, 1, 1, 2],5
[72, 94, 58, 120, 169, 79, 85, 48, 186, 151, 60],[1, 2, 2, 3, 2, 3, 1, 2, 2, 3, 3],11
[23, 47, 130, 115, 160, 118, 175, 168, 83, 133, 91, 147, 154],[3, 3, 1, 1, 1, 1, 3, 2, 1, 2, 2, 2, 1],13
[4, 33, 46, 148, 168],[2, 3, 3, 1, 3],5
[3, 6, 45],[3, 2, 2],2
[136, 134, 176, 125, 77, 105, 166, 86, 193, 53, 65, 127, 148],[1, 2, 2, 3, 2, 2, 2, 2, 1, 3, 3, 3, 3],13
[126, 81, 151, 191, 118],[2, 3, 3, 2, 1],5
[8, 22],[3, 2],2
[28, 110, 65, 87, 178],[2, 2, 2, 2, 2],5
[20, 31, 42, 49],[1, 2, 3, 3],2
[1, 86],[3, 2],2
[18, 66, 189, 75, 59],[1, 1, 3, 1, 2],5
[30, 79],[1, 1],2
[176, 121],[1, 2],2
[45, 149, 155, 118, 187, 152],[2, 3, 1, 2, 1, 1],6
[55, 182, 88, 79, 93],[2, 3, 3, 3, 2],5
[11, 45, 189, 125, 89, 147],[2, 3, 3, 2, 2, 2],6
[170, 177, 91, 199, 66],[3, 2, 1, 2, 3],5
[11, 156, 115, 161, 164],[1, 1, 1, 3, 1],5
[28, 31, 118, 171, 67, 135],[1, 2, 2, 2, 2, 2],6
[2, 31, 99, 89, 146, 124, 82, 80, 149, 179, 96],[1, 3, 2, 3, 3, 1, 3, 2, 2, 3, 1],11
[49, 52],[3, 2],2
[2, 14, 55, 61],[3, 2, 1, 3],2
[27, 63, 103, 155, 120, 119, 181, 111, 69, 98, 193],[3, 2, 2, 2, 3, 2, 1, 3, 1, 2, 2],11
[27, 149, 95, 97, 150, 172],[2, 1, 2, 3, 3, 2],6
[37, 67, 137, 194, 87],[3, 1, 3, 2, 2],5
[23, 27, 31, 143, 156, 158, 90, 75, 146, 169, 150],[3, 2, 3, 3, 3, 1, 3, 2, 1, 2, 3],11
[1, 196, 133, 116, 148, 112, 107, 130, 149, 166, 136],[2, 2, 1, 2, 2, 3, 3, 2, 1, 3, 1],11
[42, 45, 191, 174, 153],[3, 1, 1, 2, 1],5
[43, 118, 113, 95, 174],[3, 2, 2, 2, 2],5
[126, 102, 91, 147, 108, 131],[1, 1, 1, 2, 1, 3],6
[55, 70],[1, 2],2
[6, 145, 183, 89, 137],[1, 3, 2, 3, 2],5
[4, 26, 49, 194, 78],[2, 2, 2, 3, 1],5
[25, 77],[2, 1],2
[45, 56, 59],[3, 1, 3],2
[23, 37, 64],[2, 3, 2],2
[18, 50, 161, 128, 139],[2, 3, 1, 3, 1],5
[8, 32, 64, 102, 163],[2, 1, 3, 3, 2],5
[46, 140],[1, 1],2
[9, 26],[3, 2],2
[0, 4, 19, 33, 45, 143, 116, 113, 92, 154, 140, 151, 183],[1, 1, 1, 2, 1, 1, 1, 1, 1, 2, 3, 2, 1],13
[14, 37, 49, 54, 109, 141, 95, 113, 138, 160, 165, 198, 99],[2, 1, 2, 2, 2, 1, 3, 3, 2, 3, 2, 2, 1],13
[11, 52, 69],[3, 2, 2],2
[2, 6, 10, 59, 176, 133, 186, 123, 97, 98, 163],[2, 1, 3, 3, 1, 3, 1, 2, 2, 1, 3],11
[60, 64, 76, 113, 100, 132, 194, 134, 115, 161, 133],[2, 3, 3, 1, 1, 3, 3, 3, 2, 1, 1],11
[10, 12, 70, 110, 132, 108, 103, 115, 101, 139, 164, 109, 112],[3, 3, 3, 2, 2, 3, 2, 3, 2, 1, 3, 1, 2],13
[18, 46, 61, 74, 195, 180, 184, 123, 191, 182, 142],[3, 2, 1, 1, 1, 2, 2, 3, 1, 3, 1],11
[25, 85, 111, 170, 123],[3, 1, 1, 2, 2],5
[27, 43, 59, 122, 179],[3, 1, 2, 2, 3],5
[16, 30, 31, 45],[1, 1, 3, 2],2
[68, 73, 86, 181, 111],[2, 2, 3, 3, 3],5
[4, 64],[1, 1],2
[68, 88, 126, 192, 131, 108, 168, 161, 194, 182, 189, 196, 163, 186],[3, 2, 1, 1, 1, 1, 1, 2, 2, 1, 3, 1, 3, 1],14
[6, 30, 67, 88, 149, 158, 116, 125, 152, 154, 190],[1, 2, 2, 1, 1, 1, 1, 3, 2, 1, 2],11
[35, 64, 86],[2, 2, 1],2
[89, 110, 183, 150, 147],[1, 1, 1, 1, 3],5
[31, 90, 132, 193, 140],[3, 2, 3, 1, 1],5
[74, 82, 135, 159, 193, 134, 158, 179, 186, 139, 131],[1, 3, 2, 2, 1, 2, 3, 1, 2, 3, 1],11
[67, 90],[2, 2],2
[0, 7, 15, 189, 144],[1, 2, 2, 1, 2],5
[49, 175, 146, 111, 125],[2, 2, 2, 1, 1],5
[165, 159, 141, 167, 166, 160, 180, 133, 184, 169, 125, 136, 116],[1, 2, 1, 3, 2, 2, 3, 2, 3, 3, 1, 3, 1],13
[42, 71, 161, 138, 178, 196, 174, 186, 157, 136, 132, 113, 190, 188],[2, 3, 1, 2, 2, 2, 2, 1, 3, 2, 2, 2, 1, 1],14
[74, 90, 97, 160, 174],[1, 3, 1, 2, 1],5
[27, 37, 86, 90],[2, 2, 2, 1],2
[5, 52, 90, 100],[1, 2, 2, 1],2
[42, 67, 92, 95, 105],[1, 3, 1, 3, 1],5
[71, 90, 117, 131, 195],[3, 2, 2, 2, 2],5
[37, 73, 85, 86, 89, 107],[3, 2, 1, 3, 1, 2],2
[14, 37, 173, 137, 163, 136],[1, 3, 2, 3, 3, 1],6
[37, 44, 46, 62, 89, 90],[2, 3, 1, 1, 2, 3],5
[71, 85, 98, 106],[2, 1, 1, 1],2
[112, 143, 170, 175, 123, 182, 193, 185, 118, 140, 177],[2, 1, 2, 3, 2, 3, 3, 1, 3, 3, 3],11
[31, 39, 46, 50, 58, 63, 73, 117],[3, 1, 1, 1, 2, 2, 2, 3],2
[44, 67],[1, 2],2
[24, 45, 67, 174, 134, 192, 189, 145, 142, 190, 136],[1, 3, 3, 2, 3, 1, 2, 2, 2, 3, 1],11
[57, 198],[2, 1],2
[41, 93, 177, 174, 161],[3, 2, 2, 2, 1],5
[88, 91, 92, 117, 183],[2, 3, 2, 2, 1],5
[4, 42, 64, 163, 177],[2, 1, 1, 1, 2],5
[49, 60, 98, 105, 106],[3, 2, 3, 1, 1],2
[27, 50, 74, 97, 158, 150, 165, 187, 140, 147, 160, 194, 196],[2, 2, 1, 1, 2, 1, 3, 1, 1, 2, 2, 3, 3],13
[32, 49, 189, 131, 149],[2, 3, 1, 1, 1],5
[1, 22, 81, 164, 192, 184],[2, 2, 3, 2, 3, 1],6
[11, 26, 162, 166, 161],[2, 3, 3, 1, 3],5
[3, 6, 32, 46, 71],[3, 3, 2, 1, 2],5
[3, 23, 74, 97, 102, 112, 127, 155, 141, 148, 152, 160, 165],[2, 1, 3, 1, 1, 2, 1, 3, 2, 2, 3, 3, 3],13
[89, 90, 101, 107, 147],[3, 2, 3, 2, 2],5
[37, 46, 71, 88, 89, 106, 135, 183, 188, 144, 173],[2, 2, 1, 3, 1, 2, 3, 1, 3, 3, 2],11
[49, 89, 102, 120, 174, 150, 135, 160, 148, 176, 167, 192, 158],[2, 3, 2, 3, 1, 3, 1, 3, 1, 3, 1, 1, 1],13
[26, 31, 63, 102, 133, 134],[1, 3, 2, 2, 3, 1],5
[49, 71, 106, 107, 114, 120],[1, 1, 3, 2, 1, 1],5
[69, 76, 114, 164, 177],[3, 2, 3, 3, 2],5
[20, 86, 107, 189, 162],[1, 2, 2, 2, 3],5
[17, 81, 90, 102, 140],[2, 1, 1, 3, 1],5
[27, 44, 83, 85, 101, 117, 126, 139, 178, 141, 160],[1, 2, 1, 3, 1, 3, 1, 1, 2, 2, 3],11
[25, 86, 106, 131, 140],[2, 1, 1, 2, 2],5
[25, 30, 91, 120, 159, 173, 187, 196, 180, 155, 192],[1, 2, 1, 2, 1, 2, 2, 1, 3, 3, 3],11
[12, 14, 38, 70, 85, 117],[3, 1, 3, 3, 1, 1],2
[4, 6, 8, 104, 133],[2, 2, 1, 2, 3],5
[76, 120],[3, 2],2
[35, 64, 70, 105, 167, 181, 162, 157, 199, 193, 149, 188, 147, 175],[2, 3, 1, 2, 2, 1, 1, 2, 1, 2, 2, 1, 3, 3],14
[19, 33, 46, 60, 74, 100, 126, 132, 146],[1, 2, 2, 2, 2, 3, 2, 2, 3],5
[31, 36, 47, 49, 71, 131, 134],[3, 1, 1, 3, 2, 2, 1],5
[4, 37, 58, 64, 68, 71, 98, 127, 146],[3, 2, 3, 2, 1, 1, 1, 1, 2],5
[68, 70, 100, 126, 134],[3, 3, 1, 1, 3],5
[45, 50, 85],[3, 3, 2],2
[58, 98, 131, 161, 195, 182, 167, 183, 156, 155, 159, 162, 175, 191],[1, 2, 3, 1, 1, 3, 3, 3, 2, 3, 3, 1, 3, 1],14
[41, 72, 178, 160, 172],[2, 1, 2, 3, 1],5
[46, 85, 98, 180, 165],[1, 2, 1, 3, 2],5
[0, 58, 67, 131, 142, 152],[2, 1, 2, 3, 3, 3],6
[62, 70, 152, 190, 185],[1, 3, 2, 2, 1],5
[107, 146, 190, 195, 178, 166, 189, 168, 167, 185, 172, 164, 192, 193],[3, 2, 1, 2, 2, 3, 1, 2, 1, 2, 1, 3, 2, 2],14
[32, 70, 98, 102, 126, 134],[2, 1, 1, 3, 2, 1],2
[37, 102, 106, 142, 152],[1, 2, 2, 1, 3],5
[46, 86, 106, 108, 126, 131, 134, 140, 153],[1, 3, 2, 2, 2, 3, 3, 3, 3],5
[31, 62, 81, 89, 97, 107, 122, 129, 152, 175, 163, 196, 189, 188],[3, 3, 1, 1, 2, 1, 1, 3, 1, 1, 2, 3, 1, 3],14
[11, 27, 28, 44, 129, 138, 146, 152],[2, 3, 2, 1, 3, 3, 1, 1],5
[6, 35, 82, 88, 97, 114, 124, 161],[3, 2, 2, 3, 3, 3, 1, 2],5
[6, 19, 62, 90, 128, 137, 157],[1, 2, 1, 3, 2, 3, 3],2
[86, 106, 126, 131, 154, 177],[2, 1, 3, 3, 2, 2],6
[5, 49, 71, 106, 129, 157],[2, 2, 3, 2, 1, 3],5
[106, 134, 146, 152, 157, 181],[3, 1, 2, 3, 1, 3],6
[18, 24, 35, 41, 46, 47, 97, 157],[2, 1, 2, 2, 2, 3, 1, 2],6
[45, 70, 106, 181, 171, 194, 177, 173, 176, 198, 172, 195, 174],[2, 2, 3, 3, 2, 2, 2, 2, 1, 2, 2, 1, 3],13
[0, 29, 61, 92, 117],[3, 3, 3, 2, 2],2
[63, 169],[2, 2],2
[1, 39, 68, 153, 157, 169],[1, 1, 2, 1, 1, 2],2
[4, 114, 133, 142, 169, 182, 177, 178, 183, 199, 195],[3, 2, 2, 2, 2, 2, 2, 3, 1, 2, 1],11
[72, 73, 107, 108, 120, 122, 134, 169],[2, 2, 2, 1, 2, 2, 1, 3],5
[27, 46, 105, 117, 146, 152, 161, 180, 194, 188, 191],[2, 3, 2, 3, 3, 3, 1, 3, 2, 3, 3],11
[30, 49, 57, 88, 134, 169],[3, 2, 1, 1, 3, 1],5
[32, 61, 117, 122, 124, 137, 165, 169, 173],[2, 2, 3, 2, 2, 2, 2, 2, 2],5
[1, 52, 107, 140, 153, 157, 173, 193, 194, 197, 179],[2, 2, 2, 2, 2, 2, 3, 2, 1, 2, 2],11
[18, 31, 64, 93, 102, 178],[3, 3, 3, 3, 1, 2],2
[27, 91, 106, 142, 154, 175],[1, 2, 3, 3, 3, 3],2
[5, 67, 95, 146, 167, 169],[1, 1, 3, 1, 3, 3],6
[41, 59, 91, 97, 117, 152, 173],[1, 3, 3, 1, 3, 3, 2],2
[2, 76, 85, 100, 123, 133, 152, 173, 191, 185, 190, 197, 195, 196],[2, 2, 1, 1, 1, 1, 3, 1, 2, 3, 3, 2, 2, 1],14
[24, 91, 106, 128],[3, 2, 3, 1],2
[117, 156, 157, 183, 190],[1, 1, 2, 3, 3],5
[25, 45, 88, 97, 102, 107],[3, 2, 1, 1, 2, 1],2
[29, 31, 58, 126, 142],[1, 1, 1, 1, 2],2
[4, 107, 133, 146, 161, 175],[3, 1, 3, 1, 3, 3],5
[13, 55, 60, 97, 104, 120, 127, 138, 157, 161],[2, 3, 3, 3, 1, 2, 1, 2, 1, 1],6
[98, 107, 120, 156, 157, 183, 185],[2, 1, 3, 2, 1, 3, 3],5
[50, 72, 91, 152, 175, 183],[2, 1, 1, 1, 3, 2],5
[97, 120, 128, 134, 142, 157],[1, 1, 3, 1, 3, 2],5
[6, 49, 67, 101, 102, 117, 146, 157, 178],[3, 1, 2, 1, 1, 3, 2, 2, 2],2
[69, 77, 89, 97, 126, 169, 175, 178],[2, 3, 3, 2, 3, 2, 2, 1],5
[91, 112, 152, 157, 169, 173, 183],[1, 2, 1, 2, 1, 1, 2],5
[71, 97, 107, 126, 142, 161, 183],[2, 1, 2, 3, 1, 3, 1],2
[178, 183, 199, 198, 200],[2, 2, 3, 1, 1],5
[86, 121, 169, 197, 199, 200, 201, 202, 203, 204, 205, 206, 207, 208],[2, 1, 2, 1, 2, 1, 2, 3, 2, 2, 1, 3, 2, 1],14
[8, 31, 61, 146, 173, 197, 198, 200, 206, 207, 203, 202, 201, 208],[2, 3, 2, 1, 2, 3, 2, 3, 1, 3, 1, 1, 2, 2],14
[197, 198, 199],[1, 1, 3],0
[198, 199],[2, 2],0
[198, 199],[3, 1],0
[198, 199],[2, 1],0
[198],[2],0
[198],[1],0
[198, 199],[3, 1],0
[198, 199],[2, 3],0
[198, 199],[1, 2],0
